index
34
209.0000 165.0000 10.0000
87.0000 230.0000 10.0000
90.0000 230.0000 11.0000
84.0000 249.0000 12.0000
95.0000 232.0000 12.0000
99.0000 209.0000 13.0000
98.0000 200.0000 14.0000
107.0000 227.0000 15.0000
173.0000 147.0000 15.0000
100.0000 200.0000 15.0000
115.0000 196.0000 16.0000
180.0000 241.0000 16.0000
121.0000 196.0000 17.0000
164.0000 159.0000 17.0000
113.0000 221.0000 17.0000
111.0000 257.0000 17.0000
128.0000 196.0000 18.0000
133.0000 230.0000 19.0000
135.0000 256.0000 19.0000
147.0000 258.0000 20.0000
120.0000 403.0000 23.0000
131.0000 396.0000 24.0000
96.0000 402.0000 25.0000
142.0000 393.0000 25.0000
157.0000 371.0000 26.0000
171.0000 380.0000 28.0000
130.0000 416.0000 28.0000
170.0000 411.0000 33.0000
192.0000 384.0000 33.0000
128.0000 411.0000 25.0000
196.0000 373.0000 36.0000
261.0000 181.0000 7.0000
244.0000 175.0000 7.0000
277.0000 179.0000 7.0000
